      MDL_CABI = 2.277360D-01
      MDL_F = 1.000000D+03
      MDL_R = 1.000000D+00
      MDL_K = 2.000000D+00
      MDL_KL = 2.000000D+00
      MDL_MD = 5.040000D-03
      MDL_MU = 2.550000D-03
      MDL_MS = 1.010000D-01
      MDL_MC = 1.270000D+00
      MDL_MB = 4.700000D+00
      MDL_MT = 1.720000D+02
      MDL_ME = 5.110000D-04
      MDL_MM = 1.056600D-01
      MDL_MTA = 1.777000D+00
      MDL_MZ = 9.118760D+01
      MDL_MW = 8.038500D+01
      MDL_MH = 1.250000D+02
      MDL_MHD = 2.828427D+03
      MDL_MHU = 2.807031D+03
      MDL_MHS = 2.828427D+03
      MDL_MHC = 2.807031D+03
      MDL_MHB = 2.828427D+03
      MDL_MHT = 2.807031D+03
      MDL_MHTODD = 9.916741D+02
      MDL_MHTEVEN = 1.402439D+03
      MDL_MHE = 2.828427D+03
      MDL_MHVE = 2.828427D+03
      MDL_MHMU = 2.828427D+03
      MDL_MHVM = 2.828427D+03
      MDL_MHTA = 2.828427D+03
      MDL_MHVT = 2.828427D+03
      MDL_MAH = 1.529433D+02
      MDL_MZH = 6.586427D+02
      MDL_MWH = 6.586427D+02
      MDL_MPHI0 = 7.184307D+02
      MDL_MPHIP = 7.184307D+02
      MDL_MPHIC = 7.184307D+02
      MDL_MPHICC = 7.184307D+02
      AEWM1 = 1.279000D+02
      MDL_GF = 1.166370D-05
      MDL_SW2 = 2.311600D-01
      AS = 1.184000D-01
      MDL_YMDO = 5.040000D-03
      MDL_YMUP = 2.550000D-03
      MDL_YMS = 1.010000D-01
      MDL_YMC = 1.270000D+00
      MDL_YMB = 4.700000D+00
      MDL_YMT = 1.720000D+02
      MDL_YME = 5.110000D-04
      MDL_YMM = 1.056600D-01
      MDL_YMTAU = 1.777000D+00
      MDL_WT = 1.508336D+00
      MDL_WZ = 2.495200D+00
      MDL_WW = 2.085000D+00
      MDL_WH = 5.753088D-03
      MDL_WHD = 1.744830D+02
      MDL_WHU = 1.741921D+02
      MDL_WHS = 1.744829D+02
      MDL_WHC = 1.741921D+02
      MDL_WHB = 1.723283D+02
      MDL_WHT = 1.728516D+02
      MDL_WHTODD = 3.945805D+00
      MDL_WHTEVEN = 2.987138D+01
      MDL_WHE = 1.744830D+02
      MDL_WHVE = 1.782482D+02
      MDL_WHMU = 1.744830D+02
      MDL_WHVM = 1.782482D+02
      MDL_WHTA = 1.744829D+02
      MDL_WHVT = 1.782481D+02
      MDL_WZH = 5.176598D-02
      MDL_WWH = 6.202529D-02
      MDL_WPHI0 = 2.626122D-01
      MDL_WPHIP = 2.421393D-01
      MDL_WPHIC = 1.313167D-01
      MDL_WPHICC = 0.000000D+00
