      MDL_CABI = 2.277360D-01
      MDL_F = 1.000000D+03
      MDL_R = 1.000000D+00
      MDL_K = 1.000000D+00
      MDL_KL = 1.000000D+00
      MDL_MD = 5.040000D-03
      MDL_MU = 2.550000D-03
      MDL_MS = 1.010000D-01
      MDL_MC = 1.270000D+00
      MDL_MB = 4.700000D+00
      MDL_MT = 1.730000D+02
      MDL_ME = 5.110000D-04
      MDL_MM = 1.056600D-01
      MDL_MTA = 1.777000D+00
      MDL_MZ = 9.118760D+01
      MDL_MW = 8.038500D+01
      MDL_MH = 1.251800D+02
      MDL_MHD = 1.414214D+03
      MDL_MHU = 1.403516D+03
      MDL_MHS = 1.414214D+03
      MDL_MHC = 1.403516D+03
      MDL_MHB = 1.414214D+03
      MDL_MHT = 1.403516D+03
      MDL_MHTODD = 9.945486D+02
      MDL_MHTEVEN = 1.406504D+03
      MDL_MHE = 1.414214D+03
      MDL_MHVE = 1.414214D+03
      MDL_MHMU = 1.414214D+03
      MDL_MHVM = 1.414214D+03
      MDL_MHTA = 1.414214D+03
      MDL_MHVT = 1.414214D+03
      MDL_MAH = 1.529433D+02
      MDL_MZH = 6.586427D+02
      MDL_MWH = 6.586427D+02
      MDL_MPHI0 = 7.160283D+02
      MDL_MPHIP = 7.160283D+02
      MDL_MPHIC = 7.160283D+02
      MDL_MPHICC = 7.160283D+02
      AEWM1 = 1.279000D+02
      MDL_GF = 1.166370D-05
      MDL_SW2 = 2.311600D-01
      AS = 1.184000D-01
      MDL_YMDO = 5.040000D-03
      MDL_YMUP = 2.550000D-03
      MDL_YMS = 1.010000D-01
      MDL_YMC = 1.270000D+00
      MDL_YMB = 4.700000D+00
      MDL_YMT = 1.730000D+02
      MDL_YME = 5.110000D-04
      MDL_YMM = 1.056600D-01
      MDL_YMTAU = 1.777000D+00
      MDL_WT = 1.508336D+00
      MDL_WZ = 2.495200D+00
      MDL_WW = 2.085000D+00
      MDL_WH = 5.753088D-03
      MDL_WHD = 5.000000D+00
      MDL_WHU = 5.000000D+00
      MDL_WHS = 5.000000D+00
      MDL_WHC = 5.000000D+00
      MDL_WHB = 5.000000D+00
      MDL_WHT = 5.000000D+00
      MDL_WHTODD = 5.000000D+00
      MDL_WHTEVEN = 5.000000D+00
      MDL_WHE = 5.000000D+00
      MDL_WHVE = 5.000000D+00
      MDL_WHMU = 5.000000D+00
      MDL_WHVM = 5.000000D+00
      MDL_WHTA = 5.000000D+00
      MDL_WHVT = 5.000000D+00
      MDL_WZH = 5.000000D+00
      MDL_WWH = 5.000000D+00
      MDL_WPHI0 = 5.000000D+00
      MDL_WPHIP = 5.000000D+00
      MDL_WPHIC = 5.000000D+00
      MDL_WPHICC = 5.000000D+00
